100
269 267 100 179 986 840 203 225 717 416 468 416 464 411 729 29 868 825 972 73 390 115 997 251 687 633 273 532 530 538 857 151 157 957 330 144 797 885 369 
866 653 190 634 117 953 716 146 822 893 118 895 283 234 244 534 273 877 159 805 759 697 662 910 206 971 240 702 121 125 424 987 779 614 974 248 919 690 395 741 
583 865 988 866 99 232 752 724 462 911 529 221 960 543 132 518 515 372 221 636 850 645 975 981 611 949 229 530 991 976 624 574 842 612 792 293 197 896 18 659 
159 899 880 119 443 12 990 310 737 211 298 587 208 625 920 819 927 149 701 918 478 677 845 320 290 989 613 839 886 983 498 45 883 378 517 678 743 859 988 480 
70 638 419 278 263 339 449 190 840 502 461 318 532 306 990 822 647 956 661 885 939 511 931 174 889 800 852 632 659 840 464 81 830 883 711 94 574 512 636 415 
366 97 85 898 755 76 72 403 384 85 288 323 596 571 498 486 723 702 470 734 895 935 167 725 170 878 171 745 390 808 160 109 257 597 7 13 25 80 768 409 
165 56 85 762 980 935 600 703 637 422 790 532 357 957 610 880 836 781 625 578 589 785 687 847 734 47 212 760 127 980 169 644 36 254 406 368 541 358 72 179 
781 214 63 490 171 673 370 359 455 995 938 396 132 977 243 219 24 455 979 503 787 148 148 824 755 906 544 296 265 616 827 398 830 891 888 354 564 611 713 371 
958 3 768 443 333 11 662 709 819 641 213 958 141 713 134 248 619 679 897 236 647 724 634 830 615 875 184 532 486 897 903 796 253 671 239 586 35 901 295 206 
894 860 164 388 573 299 636 545 978 885 781 625 610 416 455 577 291 991 109 777 241 365 573 494 36 165 432 423 418 727 629 665 940 146 53 865 797 41 410 775 
927 192 752 889 608 560 466 899 903 928 28 144 293 953 638 329 470 422 105 889 150 734 554 442 232 959 307 29 0 718 156 279 910 261 168 518 821 635 769 76 
563 797 221 856 102 211 537 573 634 642 462 136 729 368 578 961 327 237 343 327 955 499 607 217 760 775 735 933 762 856 10 677 5 583 533 108 794 423 33 780 
417 847 916 498 215 846 812 542 84 155 221 391 654 180 609 767 308 696 700 422 553 710 100 558 645 633 18 440 408 51 572 178 898 489 676 465 687 840 359 123 
995 933 867 2 113 476 769 773 524 469 196 77 532 296 988 177 281 6 969 42 410 542 220 660 383 248 126 422 89 485 898 84 418 765 438 884 593 207 9 117 
29 205 547 913 853 535 442 135 893 412 177 303 306 749 964 41 997 442 815 86 927 713 523 698 830 961 934 423 169 943 893 550 501 440 463 354 327 905 841 220 
669 370 876 327 119 192 720 117 634 536 555 913 601 78 963 432 40 897 855 561 193 100 111 46 540 926 400 219 831 594 792 853 964 668 180 84 212 253 201 846 
789 756 759 390 187 723 174 579 972 30 140 165 482 603 211 23 881 964 594 64 558 386 917 522 406 450 958 618 703 159 464 844 268 576 586 807 651 761 386 623 
143 878 141 625 833 704 0 714 20 595 778 578 333 48 453 740 498 411 710 553 923 175 749 543 103 335 350 754 448 736 729 591 966 870 569 799 927 569 865 947 
516 995 878 850 43 331 942 893 94 652 446 17 179 195 560 282 883 262 388 331 350 118 275 316 988 844 467 915 765 684 863 282 680 741 484 723 424 778 617 518 
430 415 888 962 963 800 244 846 63 633 529 413 751 804 82 91 0 901 7 766 586 222 48 266 315 884 989 91 662 958 609 444 726 849 406 689 650 3 887 713 
636 416 478 739 573 912 830 573 814 189 339 400 763 739 18 430 975 359 521 637 318 483 434 44 332 840 85 982 195 972 47 831 740 526 922 313 438 105 239 604 
646 930 4 762 670 374 192 997 734 714 987 404 549 421 800 881 613 885 864 809 209 911 992 301 789 915 615 580 372 206 184 18 136 541 780 158 915 325 156 1 
391 143 405 940 916 557 821 529 794 37 690 3 301 683 305 442 950 272 22 322 830 559 692 966 100 825 125 367 502 633 369 893 776 126 833 44 36 6 573 830 
396 616 186 49 299 843 491 601 115 866 275 945 425 319 263 877 144 740 244 646 373 965 891 501 92 76 545 480 83 471 310 831 87 496 880 738 339 723 339 806 
589 966 103 14 285 719 891 782 459 488 780 833 453 672 686 897 748 584 377 183 55 40 366 494 536 246 584 228 970 275 386 911 241 842 278 526 561 169 660 20 
9 
